%YAML:1.0
---
opencv_lbphfaces:
   threshold: 5.
   radius: 1
   neighbors: 2
   grid_x: 2
   grid_y: 2
   histograms:
      - !!opencv-matrix
         rows: 1
         cols: 16
         dt: f
         data: [ 1.01169936e-01, 3.67056668e-01, 2.22035185e-01,
             3.09738249e-01, 9.35106501e-02, 1.60508379e-01,
             4.73865837e-01, 2.72115141e-01, 1.00833267e-01,
             3.47108841e-01, 2.22708538e-01, 3.29349399e-01,
             9.07331035e-02, 1.67578489e-01, 4.14695740e-01,
             3.26992691e-01 ]
      - !!opencv-matrix
         rows: 1
         cols: 16
         dt: f
         data: [ 6.90177605e-02, 2.90127099e-01, 1.65895134e-01,
             4.74960029e-01, 7.58353695e-02, 2.27169439e-01,
             3.73621762e-01, 3.23373467e-01, 7.76870623e-02,
             3.26824337e-01, 2.48043105e-01, 3.47445518e-01,
             7.37311691e-02, 2.57722408e-01, 4.22270864e-01,
             2.46275574e-01 ]
      - !!opencv-matrix
         rows: 1
         cols: 16
         dt: f
         data: [ 1.15478501e-01, 3.25477660e-01, 2.92062968e-01,
             2.66980886e-01, 9.95707437e-02, 2.08904982e-01,
             3.82038563e-01, 3.09485734e-01, 1.08408384e-01,
             2.94840515e-01, 3.16724181e-01, 2.80026942e-01,
             1.29366219e-01, 2.73461848e-01, 3.04435670e-01,
             2.92736322e-01 ]
      - !!opencv-matrix
         rows: 1
         cols: 16
         dt: f
         data: [ 1.21538594e-01, 4.05268937e-01, 2.40131304e-01,
             2.33061194e-01, 9.40998271e-02, 1.66652650e-01,
             4.30014312e-01, 3.09233248e-01, 9.09014419e-02,
             3.62174898e-01, 2.50399798e-01, 2.96523869e-01,
             1.12364285e-01, 1.92660555e-01, 4.35064405e-01,
             2.59910792e-01 ]
      - !!opencv-matrix
         rows: 1
         cols: 16
         dt: f
         data: [ 7.94545934e-02, 2.71357626e-01, 1.98720649e-01,
             4.50467139e-01, 1.07987545e-01, 1.70861036e-01,
             4.68731612e-01, 2.52419829e-01, 1.20528579e-01,
             2.98038900e-01, 2.55365729e-01, 3.26066822e-01,
             8.63563716e-02, 1.92323878e-01, 4.92551148e-01,
             2.28768632e-01 ]
      - !!opencv-matrix
         rows: 1
         cols: 16
         dt: f
         data: [ 9.71298739e-02, 3.21269274e-01, 2.21193507e-01,
             3.60407382e-01, 1.01085767e-01, 1.67073488e-01,
             4.96338695e-01, 2.35502064e-01, 1.13205962e-01,
             3.19333404e-01, 2.40552142e-01, 3.26908529e-01,
             9.68773663e-02, 1.82644561e-01, 4.82703477e-01,
             2.37774611e-01 ]
      - !!opencv-matrix
         rows: 1
         cols: 16
         dt: f
         data: [ 1.11606769e-01, 2.44676381e-01, 4.06026423e-01,
             2.37690434e-01, 1.17077693e-01, 1.91650540e-01,
             3.34399462e-01, 3.56872320e-01, 1.03694975e-01,
             2.25065231e-01, 3.66130799e-01, 3.05108994e-01,
             1.23474456e-01, 1.82812899e-01, 3.57713997e-01,
             3.35998654e-01 ]
      - !!opencv-matrix
         rows: 1
         cols: 16
         dt: f
         data: [ 8.13904554e-02, 3.52579743e-01, 2.07137451e-01,
             3.58892351e-01, 9.74665433e-02, 1.79193676e-01,
             4.93645340e-01, 2.29694471e-01, 8.40838328e-02,
             3.26487690e-01, 1.89041331e-01, 4.00387168e-01,
             9.97390822e-02, 1.94933087e-01, 4.28667635e-01,
             2.76660234e-01 ]
      - !!opencv-matrix
         rows: 1
         cols: 16
         dt: f
         data: [ 1.11522600e-01, 3.96010458e-01, 2.42403850e-01,
             2.50063121e-01, 8.08012784e-02, 1.59330025e-01,
             4.28499281e-01, 3.31369430e-01, 9.27531347e-02,
             3.38607877e-01, 2.33566210e-01, 3.35072815e-01,
             8.94705877e-02, 1.57057494e-01, 4.38936114e-01,
             3.14535826e-01 ]
      - !!opencv-matrix
         rows: 1
         cols: 16
         dt: f
         data: [ 6.93544298e-02, 2.95429677e-01, 1.86937124e-01,
             4.48278785e-01, 9.88974050e-02, 1.71534389e-01,
             4.93981987e-01, 2.35586241e-01, 8.39996636e-02,
             3.04772347e-01, 2.05538258e-01, 4.05689776e-01,
             9.43523273e-02, 1.74732774e-01, 5.02819657e-01,
             2.28095278e-01 ]
      - !!opencv-matrix
         rows: 1
         cols: 16
         dt: f
         data: [ 1.12027608e-01, 3.71770054e-01, 2.40888819e-01,
             2.75313526e-01, 1.04368322e-01, 1.63285926e-01,
             4.98695403e-01, 2.33650371e-01, 1.02264121e-01,
             3.54178935e-01, 2.45770559e-01, 2.97786385e-01,
             8.39996636e-02, 1.89293832e-01, 4.95497018e-01,
             2.31209502e-01 ]
      - !!opencv-matrix
         rows: 1
         cols: 16
         dt: f
         data: [ 1.04199983e-01, 3.52832258e-01, 2.12271705e-01,
             3.30696076e-01, 1.05883345e-01, 1.70271873e-01,
             4.65701550e-01, 2.58143246e-01, 1.19686894e-01,
             3.16808343e-01, 2.29441971e-01, 3.34062785e-01,
             1.05125837e-01, 1.99141487e-01, 4.12339032e-01,
             2.83393651e-01 ]
      - !!opencv-matrix
         rows: 1
         cols: 16
         dt: f
         data: [ 9.19956267e-02, 3.35746169e-01, 1.97037295e-01,
             3.75220954e-01, 1.02769129e-01, 1.87862977e-01,
             4.65869874e-01, 2.43498027e-01, 1.10091746e-01,
             3.57629836e-01, 2.12524205e-01, 3.19754243e-01,
             9.59515199e-02, 2.03097388e-01, 4.71929997e-01,
             2.29021132e-01 ]
      - !!opencv-matrix
         rows: 1
         cols: 16
         dt: f
         data: [ 9.98232514e-02, 3.67309153e-01, 2.34323710e-01,
             2.98543900e-01, 9.55306813e-02, 1.78015321e-01,
             4.81020123e-01, 2.45433897e-01, 1.01169936e-01,
             3.68150830e-01, 2.53009021e-01, 2.77670234e-01,
             9.00597647e-02, 1.95774764e-01, 4.27405119e-01,
             2.86760390e-01 ]
      - !!opencv-matrix
         rows: 1
         cols: 16
         dt: f
         data: [ 1.02348290e-01, 3.69329184e-01, 2.25654408e-01,
             3.02668124e-01, 1.00917436e-01, 1.72376066e-01,
             4.88511086e-01, 2.38195449e-01, 1.10512584e-01,
             3.56703997e-01, 2.78343588e-01, 2.54439861e-01,
             9.81398895e-02, 2.51914829e-01, 4.05184746e-01,
             2.44760543e-01 ]
      - !!opencv-matrix
         rows: 1
         cols: 16
         dt: f
         data: [ 8.85447338e-02, 3.82711887e-01, 2.20015153e-01,
             3.08728218e-01, 8.70297104e-02, 1.62275910e-01,
             5.33540964e-01, 2.17153445e-01, 9.08172727e-02,
             3.54768127e-01, 2.39626303e-01, 3.14788312e-01,
             8.54305178e-02, 2.05959097e-01, 4.77821738e-01,
             2.30788663e-01 ]
      - !!opencv-matrix
         rows: 1
         cols: 16
         dt: f
         data: [ 1.04284152e-01, 3.41890424e-01, 2.94840515e-01,
             2.58984953e-01, 5.52142076e-02, 1.83486238e-01,
             4.09309000e-01, 3.51990581e-01, 8.45046714e-02,
             3.81870210e-01, 2.73125172e-01, 2.60499954e-01,
             7.49936923e-02, 1.92492217e-01, 3.94495428e-01,
             3.38018686e-01 ]
      - !!opencv-matrix
         rows: 1
         cols: 16
         dt: f
         data: [ 1.05799176e-01, 4.11497355e-01, 2.42488012e-01,
             2.40215480e-01, 8.72822180e-02, 1.44095615e-01,
             5.45745313e-01, 2.22876862e-01, 1.00244090e-01,
             3.76483470e-01, 2.62940824e-01, 2.60331631e-01,
             8.18112940e-02, 1.91987216e-01, 4.86491054e-01,
             2.39710465e-01 ]
      - !!opencv-matrix
         rows: 1
         cols: 16
         dt: f
         data: [ 8.82922336e-02, 2.64119178e-01, 1.77510321e-01,
             4.70078290e-01, 1.38119683e-01, 2.04612404e-01,
             3.82206887e-01, 2.75061041e-01, 1.00749098e-01,
             3.01068932e-01, 1.96868956e-01, 4.01313037e-01,
             9.70457047e-02, 1.98383972e-01, 4.68226582e-01,
             2.36343741e-01 ]
      - !!opencv-matrix
