%YAML:1.0
---
opencv_lbphfaces:
   threshold: 5.
   radius: 1
   neighbors: 2
   grid_x: 2
   grid_y: 2
   histograms:
      - !!opencv-matrix
         rows: 1
         cols: 16
         dt: f
         data: [ 3.72641496e-02, 9.00419280e-02, 1.16299793e-01,
             7.56394148e-01, 6.07442334e-02, 1.90356389e-01,
             1.84119493e-01, 5.64779878e-01, 2.84591205e-02,
             8.49580690e-02, 1.25838578e-01, 7.60744214e-01,
             5.19392043e-02, 2.33018875e-01, 2.24371076e-01,
             4.90670860e-01 ]
      - !!opencv-matrix
         rows: 1
         cols: 16
         dt: f
         data: [ 2.64675058e-02, 9.56498981e-02, 1.14937104e-01,
             7.62945473e-01, 9.59119499e-02, 2.83123702e-01,
             3.30345929e-01, 2.90618449e-01, 3.06603778e-02,
             7.98742175e-02, 1.12840675e-01, 7.76624739e-01,
             8.39622617e-02, 2.63364792e-01, 3.89360577e-01,
             2.63312370e-01 ]
      - !!opencv-matrix
         rows: 1
         cols: 16
         dt: f
         data: [ 1.92872118e-02, 6.68238997e-02, 7.25890994e-02,
             8.41299772e-01, 7.17505217e-02, 1.93501055e-01,
             2.04454929e-01, 5.30293524e-01, 1.60377361e-02,
             5.28826006e-02, 7.44234771e-02, 8.56656194e-01,
             5.73899373e-02, 2.44182393e-01, 2.58228511e-01,
             4.40199167e-01 ]
      - !!opencv-matrix
         rows: 1
         cols: 16
         dt: f
         data: [ 3.50104831e-02, 9.44968536e-02, 1.14150941e-01,
             7.56341696e-01, 5.89098521e-02, 2.06132084e-01,
             1.95178196e-01, 5.39779902e-01, 2.50000004e-02,
             8.62683430e-02, 1.10272534e-01, 7.78459132e-01,
             5.06289303e-02, 2.21488476e-01, 2.33490571e-01,
             4.94392037e-01 ]
      - !!opencv-matrix
         rows: 1
         cols: 16
         dt: f
         data: [ 1.38888896e-01, 3.04507345e-01, 2.79979050e-01,
             2.76624739e-01, 1.23375259e-01, 3.53930831e-01,
             2.83805043e-01, 2.38888890e-01, 1.45335436e-01,
             2.68081754e-01, 2.78825998e-01, 3.07756811e-01,
             1.37473792e-01, 3.89517814e-01, 2.49475896e-01,
             2.23532498e-01 ]
      - !!opencv-matrix
         rows: 1
         cols: 16
         dt: f
         data: [ 3.34905647e-02, 9.48637351e-02, 1.13784067e-01,
             7.57861614e-01, 5.48742153e-02, 2.02253670e-01,
             1.88574418e-01, 5.54297686e-01, 2.63102725e-02,
             8.89937133e-02, 1.14465408e-01, 7.70230591e-01,
             4.62264158e-02, 2.32494757e-01, 2.40985334e-01,
             4.80293512e-01 ]
      - !!opencv-matrix
         rows: 1
         cols: 16
         dt: f
         data: [ 3.25471684e-02, 9.16666687e-02, 1.09643608e-01,
             7.66142547e-01, 5.90146743e-02, 2.04297692e-01,
             2.00366884e-01, 5.36320746e-01, 2.40041930e-02,
             8.83123726e-02, 1.06603771e-01, 7.81079650e-01,
             5.03668785e-02, 2.32127890e-01, 2.45911956e-01,
             4.71593291e-01 ]
      - !!opencv-matrix
         rows: 1
         cols: 16
         dt: f
         data: [ 3.02935019e-02, 8.87316540e-02, 1.08280919e-01,
             7.72693932e-01, 6.43605888e-02, 2.17557654e-01,
             2.04035640e-01, 5.14046133e-01, 2.16981135e-02,
             7.68867955e-02, 1.04088053e-01, 7.97327042e-01,
             4.66981120e-02, 2.38207549e-01, 2.48427674e-01,
             4.66666669e-01 ]
      - !!opencv-matrix
         rows: 1
         cols: 16
         dt: f
         data: [ 3.12368982e-02, 8.07652026e-02, 1.05136268e-01,
             7.82861650e-01, 6.20545074e-02, 2.01467514e-01,
             2.06498951e-01, 5.29979050e-01, 2.25366876e-02,
             7.73060769e-02, 1.13731660e-01, 7.86425591e-01,
             5.28826006e-02, 2.47327045e-01, 2.44182393e-01,
             4.55607980e-01 ]
      - !!opencv-matrix
         rows: 1
         cols: 16
         dt: f
         data: [ 1.79245286e-02, 8.30188692e-02, 9.58595425e-02,
             8.03197086e-01, 7.36897290e-02, 2.25104824e-01,
             2.46593297e-01, 4.54612166e-01, 2.84067094e-02,
             7.20125809e-02, 1.39937103e-01, 7.59643614e-01,
             1.34276733e-01, 3.26415092e-01, 3.00786167e-01,
             2.38522008e-01 ]
      - !!opencv-matrix
         rows: 1
         cols: 16
         dt: f
         data: [ 1.14779873e-02, 5.72851151e-02, 8.45387876e-02,
             8.46698105e-01, 7.92976916e-02, 2.58176088e-01,
             2.64046133e-01, 3.98480088e-01, 1.79769397e-02,
             6.17924519e-02, 1.07180297e-01, 8.13050330e-01,
             1.28825992e-01, 3.24895173e-01, 3.20492655e-01,
             2.25786164e-01 ]
      - !!opencv-matrix
         rows: 1
         cols: 16
         dt: f
         data: [ 1.24213835e-02, 6.68238997e-02, 8.59538764e-02,
             8.34800839e-01, 7.84591213e-02, 2.40775689e-01,
             2.58385748e-01, 4.22379464e-01, 2.10167710e-02,
             6.21069185e-02, 1.11582808e-01, 8.05293500e-01,
             1.28144652e-01, 3.17452818e-01, 3.22641522e-01,
             2.31761009e-01 ]
      - !!opencv-matrix
         rows: 1
         cols: 16
         dt: f
         data: [ 1.24213835e-02, 6.68238997e-02, 8.59538764e-02,
             8.34800839e-01, 7.84591213e-02, 2.40775689e-01,
             2.58385748e-01, 4.22379464e-01, 2.10167710e-02,
             6.21069185e-02, 1.11582808e-01, 8.05293500e-01,
             1.28144652e-01, 3.17452818e-01, 3.22641522e-01,
             2.31761009e-01 ]
      - !!opencv-matrix
         rows: 1
         cols: 16
         dt: f
         data: [ 1.23270445e-01, 2.85901457e-01, 2.71698117e-01,
             3.19129974e-01, 5.15723266e-02, 2.77096450e-01,
             1.63155138e-01, 5.08176088e-01, 1.41561851e-01,
             2.98951775e-01, 3.03144664e-01, 2.56341726e-01,
             6.57232702e-02, 3.64308178e-01, 2.51100630e-01,
             3.18867922e-01 ]
      - !!opencv-matrix
         rows: 1
         cols: 16
         dt: f
         data: [ 1.29979039e-02, 6.48846999e-02, 8.72117430e-02,
             8.34905684e-01, 7.86687657e-02, 2.40199164e-01,
             2.57232696e-01, 4.23899382e-01, 1.81341711e-02,
             6.63522035e-02, 1.06865831e-01, 8.08647811e-01,
             1.27515718e-01, 3.17767292e-01, 3.21960181e-01,
             2.32756808e-01 ]
      - !!opencv-matrix
         rows: 1
         cols: 16
         dt: f
         data: [ 1.27358492e-02, 6.93396255e-02, 8.53773579e-02,
             8.32547188e-01, 7.45807141e-02, 2.37578616e-01,
             2.60796636e-01, 4.27044034e-01, 2.01781970e-02,
             6.25262037e-02, 1.13155134e-01, 8.04140449e-01,
             1.24895178e-01, 3.21069181e-01, 3.22379470e-01,
             2.31656179e-01 ]
      - !!opencv-matrix
         rows: 1
         cols: 16
         dt: f
         data: [ 1.45178195e-02, 6.45178184e-02, 1.03092246e-01,
             8.17872107e-01, 8.14989507e-02, 2.71383643e-01,
             2.63731658e-01, 3.83385748e-01, 2.23794542e-02,
             6.55660406e-02, 1.09014675e-01, 8.03039849e-01,
             1.31289303e-01, 3.14884692e-01, 3.21226418e-01,
             2.32599586e-01 ]
      - !!opencv-matrix
         rows: 1
         cols: 16
         dt: f
         data: [ 1.51467510e-02, 7.72012621e-02, 8.79979059e-02,
             8.19654107e-01, 7.39517808e-02, 2.20230609e-01,
             2.54454941e-01, 4.51362699e-01, 2.00209636e-02,
             5.72327040e-02, 1.22641511e-01, 8.00104856e-01,
             1.26624733e-01, 3.27987432e-01, 3.10691833e-01,
             2.34696016e-01 ]
      - !!opencv-matrix
         rows: 1
         cols: 16
         dt: f
         data: [ 1.50419287e-02, 8.17610100e-02, 9.97379497e-02,
             8.03459108e-01, 2.50000004e-02, 1.68763101e-01,
             1.33805037e-01, 6.72431886e-01, 1.29454928e-02,
             1.07756816e-01, 1.10901468e-01, 7.68396258e-01,
             2.76729558e-02, 2.17452839e-01, 2.40670860e-01,
             5.14203370e-01 ]
      - !!opencv-matrix
